/// zazen(x) zazen minutes
/// p(x) physical activity minutes
/// d (1-9) (low oil, no binging, daily dozen)
/// w(X) weight KG
/// mj(1/0) marijuana use
/// al (1/0) alcohol use
/// dp(X) mood level
/// ax(X) anxiety events

DATE    ZEN  PHY  DET  MAJ  ALC  ANX  MU
200224   0   20   1    1    0     4    5
200223   0   30   2    1    0     6      
200222   0   62   1    1    0     7    6
200221   0   60   6    1    1     2    4s
200220   0   44   3    1    0     6    4
200219   0   40   4    1    0     6    5
200217   0   30   3    1    1     6    5
200215   0   20   3    0    1     8    5
200212   0   30   3    1    1     4    5
200211   0   70   5    1    0     6    4
200210   0   40   3    1    1     3    5
200208   0   66   2    0    0     5    6
200207   0   55   1    1    1     2    5
200205   0   75   4    1    0     4    6  
200201   0   50   2    1    1     5    5
200130   0   50   2    1    1     0    5
200128   0   62   1    1    0     2    7
200120   0   60   3    1    1
200119   0   60   3    1    0
200118   0   60   3    1    1
200117   0   50   5    1    0
200116   0   50   4    1    0
200115   0   60   4    1    0
200014   9   10   2    1    1
200113   0   90   5    1    1
200112   0   60   10   0    0
200111   0   120  2    0    1
200110  12   10   2    0    1
200109  12   60   7    0    1
200108  12   30   5    1    1
200107  12   30   6    1    1
200106   0   45   3    0    1
200103   0   80   0    1    0
200102   0   35   5    1    0
200101   0   20   5    1    0
191230  12   35   5    1    0
191229  12   19   4    1    0
191228  12   0    4    1    0
191227   0   p0   d4   mj1  al0
191226   0   p20  d4   mj1  al1
191225   0   p5   d8   mj0  al0
191221  24  p20  d7   mj1  al0
191220  12  p20  d7   mj1  al1
191219  12  p30  d7   mj1  al0
191212  12  p35       mj1  al0       ax2
191211   0   p18       mj1  al0
191210  12  p42       mj1  al0
191209  12  p26       mj1  al0
191208  12  p42       mj1  al0
191207   0   p50       mj1  al0  dp3  ax7
191206   0   p110 
191205  20  p53  
191204  12  p20  
191202  12  p60  
191201  12  p22  
191130   0   p26  
191129   0   p53  
191127   0   p0   
191126   0   p0   
191125   0   p20  
191124   0   p10  
191123  12  p60  
191122  12  p20  
191121  12  p40  
191119   0  p71  
191118   0  p60  
191113   0  p20  
191112   0  p00  
191111  11  p20    
191110  10  p43      
191109   0  p49  
191105  10  p83    